##### CNN #####
SS1 Clean
[[829 182]
 [121 868]]

 SS1 NCAR5
 [[848 152]
  [296 704]]

SS1 NCAR10
[[764 234]
 [329 673]]

SS1 NAR5
[[680 235]
[194 891]]

SS1 NAR10
[[518 276]
 [229 977]]

SS1 NNAR5
[[658 253]
 [148 941]]

SS1 NNAR10
[[607 204]
 [236 953]]

SS2 Clean
[[965 209   6   0   0]
 [190 788 191   5   5]
 [  7 206 706 245  27]
 [  1  13 262 620 360]
 [  3   6  43 208 934]]

SS2 NCAR5
[[898 242  20  10  26]
[198 749 192  26  16]
[ 15 198 665 267  33]
[ 14  21 231 692 293]
[ 17  18  49 266 844]]

SS2 NCAR10
[[805 249  35  43  70]
 [172 681 244  57  39]
 [ 30 169 613 330  61]
 [ 21  38 203 590 357]
 [ 24  32  60 251 826]]

SS2 NAR5
[[1018  157    3    0    2]
 [ 271  703  259  165   93]
 [   7  152  742  267   23]
 [   0    6  183  507  248]
 [   3    9   36  247  899]]

 SS2 NAR10
 [[1095   77    8    0    0]
  [ 410  542  316  367  151]
  [  23  143  761  254   10]
  [   1    2  119  383  144]
  [   5    4   28  251  906]]

SS2 NNAR5
[[1030  140    7    0    3]
 [ 289  656  272  182   80]
 [  14  157  742  259   19]
 [   3   10  190  548  205]
 [   3    7   36  247  901]]

SS2 NNAR10
[[1048  129    3    0    0]
 [ 370  553  373  360  123]
 [  48   90  748  293   12]
 [   2    2   91  457  104]
 [   5    5   30  359  795]]

BS1 Clean
[[7007 3692]
[4018 2526]]

BS1 NCAR5
[[6510 4019]
 [4019 2695]]

BS1 NCAR10
[[6536 3709]
[4212 2786]]

BS1 NAR5
[[5260 4511]
 [3748 3724]]

BS1 NAR10
[[4518 4381]
 [3909 4435]]

BS1 NNAR5
[[5945 3891]
 [4155 3252]]

BS1 NNAR10
[[4913 4061]
[4362 3907]]

BS2 Clean
[[ 30 637]
 [ 25 780]]

BS2 NCAR5
[[147 516]
 [154 655]]

BS2 NCAR10
[[ 93 599]
 [100 680]]

BS2 NAR5
[[101 639]
 [ 56 676]]

BS2 NAR10
[[126 693]
 [ 80 573]]

BS2 NNAR5
[[ 12 729]
 [ 12 719]]

BS2 NNAR10
[[132 683]
 [105 552]]

HAR1 Clean
[[ 69   3   0   7  65  29]
[  0 116  55   0   0   2]
[  1   0 141  28   1   0]
[ 21   2  32 120  10   1]
[  5   0   0   8 139  46]
[  1   0   2   5   8 174]]

HAR1 NCAR5
[[ 66   4   6   6  66  23]
 [  0  73  96   3   3   0]
 [  2   1 127  25   6   5]
 [ 21   1  23 114  25   6]
 [  7   1   4   7 138  41]
 [  1   0   7   3  12 168]]

HAR1 NAR5
[[ 88   3   0   6  46  30]
[  0  59  31  75   0   8]
[ 14   0 144  26  39  13]
[ 26   1  16 134   8   1]
[ 23   0   0   8  78  24]
[  2   0   1   5   5 177]]

HAR1 NAR10
[[127   4   0   6  10  26]
 [  0  45 127   0   0   1]
 [ 65   0 145  26  21  24]
 [ 40   3  27 114   0   2]
 [ 56   0   0   5  14  13]
 [ 13   0   2   5   3 167]]

HAR1 NNAR5
[[ 80   3   0   4  62  24]
 [  0  48 124   0   0   1]
 [ 14   0 144  24  32  12]
 [ 45   2  25 106   4   4]
 [ 28   0   0   0  99  16]
 [  7   0   4   3   3 173]]

HAR1 NNAR10
[[118   3   0   6  14  32]
 [  0  96  77   0   0   0]
 [ 36   0 145  23  34  43]
 [ 47   2  27 105   2   3]
 [ 35   0   0   5  29  19]
 [  8   0   4   4   2 172]]

HAR2 Clean
[[425  16  51   1   3   0]
[ 89 334  26   2  20   0]
[  2  36 372   5   5   0]
[  1   1   0 336 147   6]
[  0   0   0  77 455   0]
[  0   0   0   4   0 533]]

HAR2 NCAR5
[[403  38  25   8  16   5]
 [105 315  20  10  19   4]
 [ 80  42 276   4  16   4]
 [ 13   9   5 300 159   3]
 [ 12   7   3  41 462   6]
 [  4   4   2  16   9 502]]

HAR2 NCAR10
[[351  59  32   8  28  13]
 [ 66 338  20  13  29  18]
 [ 49  59 275  12  27  11]
 [ 14   5   6 274 163  23]
 [ 13   8   3  69 416  14]
 [ 11   5   8  11  12 484]]

HAR2 NAR5
[[451  15  23   5   2   0]
 [ 70 369  17   8   7   0]
 [ 20  26 365  11   0 154]
 [  0   1   0 371 115   4]
 [  0   0   0  69 463   0]
 [  0   0  12   2   0 367]]

HAR2 NAR10
[[464  11  19   0   2   0]
 [107 343  11   0  10   0]
 [ 47  43 569   5   4  55]
 [  2   2   0 309 176   2]
 [  0   1   0  52 479   0]
 [  0   0 182   9   0  43]]

HAR2 NNAR5
[[444  16  35   1   0   0]
 [106 323  33   1   8   0]
 [  5  28 407   2   0 126]
 [  0   3   1 326 159   2]
 [  1   0   0  53 478   0]
 [  0   0  36   3   0 350]]

HAR2 NNAR10
[[450  15  26   2   3   0]
 [113 282  15   7  54   0]
 [ 38  76 368  20   0 213]
 [  2   1   0 359 127   2]
 [  0   0   0  60 472   0]
 [  0   0  47  18   0 177]]

##### LSTM #####
SS1 Clean
[[645 366]
 [120 869]]

SS1 NCAR5
[[619 381]
 [181 819]]

SS1 NCAR10
[[574 424]
 [209 793]]

SS1 NAR5
[[526 389]
 [137 948]]

SS1 NAR10
[[506 288]
 [294 912]]

SS1 NNAR5
[[607 304]
 [162 927]]

SS1 NNAR10
[[506 305]
 [213 976]]

SS2 Clean
[[994 180   5   0   1]
 [228 730 208  11   2]
 [  5 181 594 352  59]
 [  0  11 193 666 386]
 [  4   9  41 266 874]]

 SS2 NCAR5
 [[841 291  29  12  23]
  [147 675 309  26  24]
  [ 10 149 622 302  95]
  [  9  26 204 611 401]
  [ 10  21  48 261 854]]

SS2 NACAR10
[[728 339  40  35  60]
 [118 678 302  53  42]
 [ 24 128 615 292 144]
 [ 17  39 168 492 493]
 [ 27  31  65 173 897]]

SS2 NAR5
[[809 347  22   0   2]
 [151 599 421 182 138]
 [  1  70 612 392 116]
 [  0   4 109 433 398]
 [  3   4  29 200 958]]

SS2 NAR10
[[1089   72   19    0    0]
 [ 553  240  459  318  216]
 [  44   43  663  347   94]
 [   2    1   91  300  255]
 [   4    1   39  256  894]]

SS2 NNAR5
[[903 260  15   1   1]
 [193 603 404 195  84]
 [  7  80 673 379  52]
 [  0   6 142 551 257]
 [  4   4  39 329 818]]

SS2 NNAR10
[[1043  123   12    0    2]
 [ 460  394  413  271  241]
 [  38   91  669  298   95]
 [   2    1   95  295  263]
 [   4    4   36  179  971]]

BS1 Clean
[[6048 4651]
 [3361 3183]]

BS1 NCAR5
[[6580 3949]
 [3984 2730]]

BS1 NCAR10
[[5783 4462]
 [3709 3289]]

BS1 NAR5
[[5203 4568]
 [3690 3782]]

BS1 NAR10
[[4453 4446]
 [3967 4377]]

BS1 NNAR5
[[5251 4585]
 [3765 3642]]

BS1 NNAR10
[[4404 4570]
 [3758 4511]]

BS2 Clean
[[138 529]
 [149 656]]

BS2 NCAR5
[[ 13 650]
 [  9 800]]

BS2 NCAR10
[[189 503]
 [214 566]]

BS2 NAR5
[[156 584]
 [140 592]]

BS2 NAR10
[[158 661]
 [126 527]]

BS2 NNAR5
[[144 597]
 [164 567]]

BS2 NNAR10
[[216 599]
 [150 507]]

HARR1 Clean
[[ 72   3   1   6  52  39]
 [  0  71 102   0   0   0]
 [  0   1 142  27   1   0]
 [ 29   2  32 104  18   1]
 [  9   0   0   4 136  49]
 [  0   1   6   3   5 175]]

HAR1 NCAR5
[[ 69   5   6   6  56  29]
 [  0 105  66   2   1   1]
 [  1   1 115  39   4   6]
 [ 21   3  20 121  21   4]
 [ 10   2   3  12 128  43]
 [  0   0   5   2  14 170]]

HAR1 NCAR10
[[ 67   6   2  12  60  36]
 [  1  95  63   4   6   3]
 [  2   2 117  40   9   3]
 [ 20   6  22 109  12   8]
 [ 11   4   5   9 120  41]
 [  0   3   6   8  17 162]]

HAR1 NAR5
[[ 89   3   0  11  37  33]
 [  0 123  50   0   0   0]
 [ 12   0 144  27  36  17]
 [ 22   1  31 118  13   1]
 [  4   1   0   4  91  33]
 [  4   0   4   1   3 178]]

HAR1 NAR10
[[123   3   0  10   6  31]
 [  0 122  51   0   0   0]
 [ 62   0 146  25  17  31]
 [ 44   2  31 108   0   1]
 [ 47   1   0   3  18  19]
 [ 14   1   5   5   0 165]]

HAR1 NNAR5
[[ 66   4   0   9  51  43]
 [  0  65 108   0   0   0]
 [  3   0 145  28  22  28]
 [ 16   3  38 119   8   2]
 [  7   0   2  10  90  34]
 [  1   0   9   3   6 171]]

HAR1 NNAR10
[[123   3   0   9   3  35]
 [  0 113  60   0   0   0]
 [ 61   0 141  38   6  35]
 [ 41   3  27 112   0   3]
 [ 62   0   0   2   7  17]
 [  9   0   5   3   0 173]]

HAR2 Clean
[[444  23  29   0   0   0]
 [ 90 364  17   0   0   0]
 [ 25  25 370   0   0   0]
 [  0   0   0 350 141   0]
 [  0   0   0  55 477   0]
 [  0   0   0  51   1 485]]

HAR2 NCAR5
[[336  87  53   5   7   7]
 [ 46 375  34   6   5   7]
 [ 10  38 355   3  11   5]
 [  8  10   6 257 163  45]
 [ 11   6   6  41 461   6]
 [  2   4   4   6   9 512]]

HAR2 NCAR10
[[315  79  56   6  20  15]
 [ 62 359  30   7  11  15]
 [ 18  48 332   6  14  15]
 [  8   9   9 202 129 128]
 [  9  10   5  62 420  17]
 [  8   4  13   9  11 486]]

HAR2 NAR5
[[395  50  49   0   2   0]
 [107 343  21   0   0   0]
 [ 31  27 362  27   0 129]
 [  0   0   0 352 138   1]
 [  0   0   0  83 449   0]
 [  0   0   0  69   0 312]]

HAR2 NAR10
[[404  57  32   0   3   0]
 [ 97 352  19   1   2   0]
 [ 26  34 611  47   0   5]
 [  0   1   0 355 135   0]
 [  1   0   0  59 472   0]
 [  0   0 187  42   0   5]]

HAR2 NNAR5
[[392  69  35   0   0   0]
 [ 74 373  21   1   2   0]
 [ 26  28 366  36   2 110]
 [  0   0   0 356 135   0]
 [  0   0   0  85 447   0]
 [  0   0   0 103   0 286]]

HAR2 NNAR10
[[394  55  47   0   0   0]
 [ 71 367  31   1   1   0]
 [ 15  16 497   9   1 177]
 [  0   0   0 332 158   1]
 [  0   0   0  34 497   1]
 [  0   0  95   6   0 141]]
