2022-01-30
######  CNN #####
Summary of ss1
Apparent Error Rates. Row->Train Column->Test
0.187	0.217	0.244	0.227	0.254	0.195	0.198	
0.183	0.217	0.245	0.220	0.245	0.191	0.194	
0.224	0.251	0.275	0.253	0.278	0.217	0.222	
0.486	0.484	0.493	0.541	0.583	0.513	0.521	
0.276	0.305	0.321	0.309	0.332	0.284	0.287	
0.486	0.484	0.493	0.541	0.583	0.513	0.521	
0.239	0.267	0.296	0.274	0.306	0.244	0.248	


True Error Rates. Row->Train Column->Test
0.187, 0.187, 0.187	0.186, 0.167, 0.267	0.181, 0.144, 0.345	0.197, 0.177, 0.277	0.192, 0.153, 0.354	0.161, 0.145, 0.245	0.122, 0.098, 0.298	
0.183, 0.183, 0.183	0.186, 0.167, 0.268	0.181, 0.145, 0.345	0.188, 0.169, 0.270	0.181, 0.145, 0.345	0.156, 0.141, 0.240	0.117, 0.093, 0.293	
0.224, 0.224, 0.224	0.223, 0.201, 0.300	0.219, 0.175, 0.375	0.225, 0.203, 0.302	0.223, 0.178, 0.378	0.186, 0.167, 0.268	0.152, 0.121, 0.322	
0.486, 0.486, 0.486	0.483, 0.434, 0.534	0.491, 0.393, 0.593	0.546, 0.491, 0.592	0.604, 0.483, 0.683	0.515, 0.463, 0.564	0.527, 0.421, 0.621	
0.276, 0.276, 0.276	0.283, 0.255, 0.355	0.276, 0.221, 0.420	0.288, 0.259, 0.359	0.289, 0.232, 0.431	0.260, 0.234, 0.334	0.234, 0.187, 0.387	
0.486, 0.486, 0.486	0.483, 0.434, 0.534	0.491, 0.393, 0.593	0.546, 0.491, 0.592	0.604, 0.483, 0.683	0.515, 0.463, 0.564	0.527, 0.421, 0.621	
0.239, 0.239, 0.239	0.241, 0.217, 0.317	0.245, 0.196, 0.396	0.248, 0.224, 0.324	0.257, 0.206, 0.406	0.216, 0.195, 0.294	0.186, 0.148, 0.349	


CEV. Row->Train Column->Test
0.000	0.000	0.001	0.056	0.147	0.016	0.026	
0.032	0.032	0.020	0.004	0.045	0.003	0.000	
0.072	0.073	0.056	0.003	0.005	0.024	0.015	
14.291	14.291	14.291	14.291	14.291	14.291	14.291	
0.072	0.072	0.087	0.190	0.291	0.128	0.147	
14.291	14.291	14.291	14.291	14.291	14.291	14.291	
0.110	0.109	0.132	0.282	0.418	0.192	0.219	


SDE. Row->Train Column->Test
0.000	0.004	0.052	0.335	0.543	0.179	0.230	
0.253	0.255	0.199	0.089	0.300	0.072	0.020	
0.380	0.383	0.334	0.081	0.097	0.219	0.172	
5.346	5.346	5.346	5.346	5.346	5.346	5.346	
0.379	0.379	0.416	0.617	0.763	0.506	0.542	
5.346	5.346	5.346	5.346	5.346	5.346	5.346	
0.470	0.468	0.514	0.751	0.914	0.619	0.662	
Summary of ss2
Apparent Error Rates. Row->Train Column->Test
0.349	0.381	0.410	0.387	0.424	0.366	0.379	
0.390	0.418	0.440	0.424	0.460	0.403	0.414	
0.436	0.460	0.485	0.475	0.515	0.462	0.476	
0.472	0.493	0.515	0.508	0.545	0.486	0.494	
0.505	0.525	0.547	0.546	0.590	0.535	0.554	
0.377	0.404	0.431	0.414	0.457	0.399	0.415	
0.802	0.802	0.805	0.802	0.802	0.766	0.739	


True Error Rates. Row->Train Column->Test
0.349, 0.349, 0.349	0.367, 0.331, 0.431	0.387, 0.310, 0.510	0.374, 0.337, 0.436	0.405, 0.324, 0.524	0.351, 0.316, 0.416	0.348, 0.278, 0.479	
0.390, 0.390, 0.390	0.409, 0.368, 0.468	0.424, 0.340, 0.539	0.415, 0.374, 0.474	0.450, 0.360, 0.560	0.392, 0.353, 0.453	0.392, 0.314, 0.514	
0.436, 0.436, 0.436	0.455, 0.410, 0.510	0.481, 0.385, 0.585	0.472, 0.425, 0.525	0.519, 0.415, 0.615	0.458, 0.412, 0.512	0.471, 0.376, 0.577	
0.472, 0.472, 0.472	0.492, 0.443, 0.543	0.519, 0.415, 0.615	0.509, 0.458, 0.558	0.556, 0.445, 0.645	0.485, 0.436, 0.536	0.493, 0.394, 0.595	
0.505, 0.505, 0.505	0.528, 0.475, 0.575	0.558, 0.447, 0.647	0.551, 0.496, 0.596	0.612, 0.490, 0.690	0.539, 0.485, 0.585	0.568, 0.455, 0.654	
0.377, 0.377, 0.377	0.393, 0.354, 0.454	0.414, 0.332, 0.531	0.405, 0.364, 0.464	0.447, 0.357, 0.557	0.388, 0.349, 0.449	0.394, 0.315, 0.515	
0.802, 0.802, 0.802	0.835, 0.752, 0.852	0.881, 0.705, 0.905	0.836, 0.752, 0.853	0.878, 0.703, 0.902	0.796, 0.716, 0.817	0.798, 0.639, 0.839	


CEV. Row->Train Column->Test
0.000	0.009	0.029	0.070	0.239	0.039	0.113	
0.189	0.218	0.236	0.209	0.305	0.160	0.181	
0.151	0.184	0.214	0.342	0.608	0.310	0.470	
6.898	7.092	7.270	6.711	6.625	6.755	6.729	
5.162	5.307	5.443	5.110	5.149	5.099	5.139	
0.670	0.654	0.667	0.714	0.901	0.724	0.816	
17.926	17.926	17.926	17.926	17.926	17.926	17.926	


SDE. Row->Train Column->Test
0.000	0.014	0.021	0.166	0.295	0.153	0.264	
0.478	0.480	0.489	0.481	0.589	0.423	0.484	
0.391	0.399	0.399	0.540	0.661	0.527	0.630	
2.245	2.243	2.251	2.233	2.321	2.211	2.270	
2.092	2.100	2.099	2.216	2.319	2.188	2.285	
0.969	0.970	0.976	1.018	1.080	1.060	1.128	
4.800	4.800	4.800	4.800	4.800	4.800	4.800	
Summary of har1
Apparent Error Rates. Row->Train Column->Test
0.637	0.647	0.662	0.674	0.720	0.664	0.704	
0.615	0.621	0.644	0.652	0.682	0.643	0.678	
0.674	0.688	0.693	0.720	0.760	0.710	0.756	
0.564	0.592	0.604	0.570	0.585	0.571	0.583	
0.552	0.568	0.594	0.547	0.540	0.545	0.543	
0.698	0.708	0.725	0.703	0.707	0.691	0.698	
0.566	0.588	0.606	0.566	0.565	0.566	0.566	


True Error Rates. Row->Train Column->Test
0.637, 0.637, 0.637	0.663, 0.597, 0.697	0.702, 0.562, 0.762	0.693, 0.624, 0.724	0.776, 0.620, 0.820	0.682, 0.614, 0.714	0.755, 0.604, 0.804	
0.615, 0.615, 0.615	0.635, 0.571, 0.671	0.680, 0.544, 0.744	0.669, 0.602, 0.702	0.727, 0.582, 0.782	0.658, 0.593, 0.693	0.723, 0.578, 0.778	
0.674, 0.674, 0.674	0.709, 0.638, 0.738	0.741, 0.593, 0.793	0.744, 0.670, 0.770	0.825, 0.660, 0.860	0.734, 0.660, 0.760	0.820, 0.656, 0.856	
0.564, 0.564, 0.564	0.602, 0.542, 0.642	0.630, 0.504, 0.704	0.578, 0.520, 0.620	0.606, 0.485, 0.685	0.579, 0.521, 0.621	0.604, 0.483, 0.683	
0.552, 0.552, 0.552	0.576, 0.518, 0.618	0.617, 0.494, 0.694	0.552, 0.497, 0.597	0.550, 0.440, 0.640	0.550, 0.495, 0.595	0.553, 0.443, 0.643	
0.698, 0.698, 0.698	0.731, 0.658, 0.758	0.781, 0.625, 0.825	0.726, 0.653, 0.753	0.758, 0.607, 0.807	0.712, 0.641, 0.741	0.747, 0.598, 0.798	
0.566, 0.566, 0.566	0.597, 0.538, 0.638	0.632, 0.506, 0.706	0.573, 0.516, 0.616	0.581, 0.465, 0.665	0.573, 0.516, 0.616	0.582, 0.466, 0.666	


CEV. Row->Train Column->Test
0.000	nan	nan	nan	nan	nan	nan	
nan	nan	nan	nan	nan	nan	nan	
nan	nan	nan	nan	nan	nan	nan	
nan	nan	nan	nan	nan	nan	nan	
nan	nan	nan	nan	nan	nan	nan	
nan	nan	nan	nan	nan	nan	nan	
nan	nan	nan	nan	nan	nan	nan	


SDE. Row->Train Column->Test
0.000	nan	nan	nan	nan	nan	nan	
nan	nan	nan	nan	nan	nan	nan	
nan	nan	nan	nan	nan	nan	nan	
nan	nan	nan	nan	nan	nan	nan	
inf	inf	inf	inf	inf	inf	inf	
nan	nan	nan	nan	nan	nan	nan	
nan	nan	nan	nan	nan	nan	nan	
